044 044 044 044 044 044 044 044 044 044 044 044 044 044 044 044 044 044 044 044 044 044 044 044 044 044 044 044 044 044 044 044 044 044 044 044 044 044 044 044 044 044 044 044 044 044 044 044 044 044 044 044 044 044 044 044 044 044 044 044 044 044 044 044 044 044 044 044 044 044 044 044 044 044 044 044 044 044 044 044 044 044 044 044 044 044 044 044 044 044 044 044 044 044 044 044 044 044 044 044 044 044 044 044 044 044 044 044 044 044 044 044 044 044 044 044 044 044 044 044 044 044 044 044 044 044 044 044
044 044 044 044 044 044 044 044 044 044 044 044 044 044 044 044 044 044 044 044 044 044 044 044 044 044 044 044 044 044 044 044 044 044 044 044 044 044 044 044 044 044 044 044 044 044 044 044 044 044 044 044 044 044 044 044 044 044 044 044 044 044 044 044 044 044 044 044 044 044 044 044 044 044 044 044 044 044 044 044 044 044 044 044 044 044 044 044 044 044 044 044 044 044 044 044 044 044 044 044 044 044 044 044 044 044 044 044 044 044 044 044 044 044 044 044 044 044 044 044 044 044 044 044 044 044 044 044
044 044 044 044 044 044 044 044 044 044 044 044 044 044 044 044 044 044 044 044 044 044 044 044 044 044 044 044 044 044 044 044 044 044 044 044 044 044 044 044 044 044 044 044 044 044 044 044 044 044 044 044 044 044 044 044 044 044 044 044 044 044 044 044 044 044 044 044 044 044 044 044 044 044 044 044 044 044 044 044 044 044 044 044 044 044 044 044 044 044 044 044 044 044 044 044 044 044 044 044 044 044 044 044 044 044 044 044 044 044 044 044 044 044 044 044 044 044 044 044 044 044 044 044 044 044 044 044
044 044 044 044 044 044 044 044 044 044 044 044 044 044 044 044 044 044 044 044 044 044 044 044 044 044 044 044 044 044 044 044 044 044 044 044 044 044 044 044 044 044 044 044 044 044 044 044 044 044 044 044 044 044 044 044 044 044 044 044 044 044 044 044 044 044 044 044 044 044 044 044 044 044 044 044 044 044 044 044 044 044 044 044 044 044 044 044 044 044 044 044 044 044 044 044 044 044 044 044 044 044 044 044 044 044 044 044 044 044 044 044 044 044 044 044 044 044 044 044 044 044 044 044 044 044 044 044
044 044 044 044 044 044 044 044 044 044 044 044 044 044 044 044 044 044 044 044 044 044 044 044 044 044 044 044 044 044 044 044 044 044 044 044 044 044 044 044 044 044 044 044 044 044 044 044 044 044 044 044 044 044 044 044 044 044 044 044 044 044 044 044 044 044 044 044 044 044 044 044 044 044 044 044 044 044 044 044 044 044 044 044 044 044 044 044 044 044 044 044 044 044 044 044 044 044 044 044 044 044 044 044 044 044 044 044 044 044 044 044 044 044 044 044 044 044 044 044 044 044 044 044 044 044 044 044
044 044 044 044 044 044 044 044 044 044 044 044 044 044 044 044 044 044 044 044 044 044 044 044 044 044 044 044 044 044 044 044 044 044 044 044 044 044 044 044 044 044 044 044 044 044 044 044 044 044 044 044 044 044 044 044 044 044 044 044 044 044 044 044 044 044 044 044 044 044 044 044 044 044 044 044 044 044 044 044 044 044 044 044 044 044 044 044 044 044 044 044 044 044 044 044 044 044 044 044 044 044 044 044 044 044 044 044 044 044 044 044 044 044 044 044 044 044 044 044 044 044 044 044 044 044 044 044
044 044 044 044 044 044 044 044 044 044 044 044 044 044 044 044 044 044 044 044 044 044 044 044 044 044 044 044 044 044 044 044 044 044 044 044 044 044 044 044 044 044 044 044 044 044 044 044 044 044 044 044 044 044 044 044 044 044 044 044 044 044 044 044 044 044 044 044 044 044 044 044 044 044 044 044 044 044 044 044 044 044 044 044 044 044 044 044 044 044 044 044 044 044 044 044 044 044 044 044 044 044 044 044 044 044 044 044 044 044 044 044 044 044 044 044 044 044 044 044 044 044 044 044 044 044 044 044
044 044 044 044 044 044 044 044 044 044 044 044 044 044 044 044 044 044 044 044 007 00A 044 044 044 044 044 044 044 044 044 044 044 044 044 044 044 044 044 044 044 044 044 044 044 044 044 044 044 044 044 044 044 044 044 044 044 044 044 044 044 044 044 044 044 044 044 044 044 044 044 044 044 044 044 044 044 044 044 044 044 044 044 044 044 044 044 044 044 044 044 044 044 044 044 044 044 044 044 044 044 044 044 044 044 044 044 044 044 044 044 044 044 044 044 044 044 044 044 044 044 044 044 044 044 044 044 044
044 044 044 044 044 044 044 044 044 044 044 044 044 044 044 007 00A 044 044 044 017 033 008 00A 044 044 044 044 044 044 044 044 044 044 044 044 044 044 044 044 044 044 044 044 044 044 044 044 044 044 044 044 044 044 044 044 044 044 044 044 044 044 044 044 044 044 044 044 044 044 044 044 044 044 044 044 044 044 044 044 044 044 044 09C 09D 09D 09D 09D 09D 09D 09D 09D 09D 09D 09D 09D 09D 09D 09D 09D 09D 095 00A 044 044 044 044 044 044 044 044 044 044 044 044 044 044 044 044 044 044 044 044 044 044 044 044 044
044 044 044 044 044 044 044 044 044 044 044 044 044 044 044 017 033 00A 044 044 027 015 032 033 00A 044 044 044 044 044 044 044 044 044 044 044 044 044 044 044 044 044 044 044 044 044 044 044 044 044 09C 09D 09F 044 044 044 044 044 044 044 044 044 044 044 044 044 044 044 044 044 044 044 044 044 044 044 044 044 09C 09D 09D 09D 09D 0C4 0AA 0AA 0D9 0DA 0AA 0AA 0AA 0AA 0AA 0AA 0D4 0D4 0D4 0D9 0DA 0AA 0AA 0D5 033 008 008 008 008 008 00A 044 044 044 044 044 044 044 044 044 044 044 044 044 044 044 044 044 044 044
044 044 044 044 044 044 044 044 044 044 044 044 007 008 008 035 032 033 00A 044 036 00B 032 000 01A 044 044 044 044 007 008 00A 044 044 044 044 044 044 044 044 044 044 044 044 044 044 044 09C 09D 09D 0C4 0D4 0C3 09D 09F 044 044 044 044 044 044 044 044 044 044 044 044 044 044 044 044 044 044 044 09C 09D 09D 09D 0C4 0AA 0AA 0D4 0AA 0AA 0AA 0AA 0E4 0E5 0AA 0D4 0D4 0AA 0AA 0AA 0AA 0D4 0D4 0E4 0E3 0DA 0D4 0E1 0C7 0C5 0C7 016 016 000 033 008 008 008 00A 044 044 044 007 008 008 008 00A 044 044 044 044 044 044 044
044 044 044 044 044 044 044 044 044 007 008 008 035 00C 00D 00E 013 029 02A 007 008 035 051 052 033 00A 044 007 008 035 032 033 008 00A 044 044 044 044 044 044 044 044 044 044 044 044 09C 0C4 0D4 0AA 0AA 0AA 0D4 0AA 0AB 044 044 044 044 044 044 044 044 044 044 044 044 044 044 044 044 044 09C 09D 0C4 0AA 0D1 0DD 0DD 0D1 0DD 0D1 0DD 0DD 0DD 0AA 0DD 0DD 0DD 0D1 0DD 0DD 0DD 0D1 0AA 0D4 0AA 0D9 0D8 0E5 0D4 0D4 0D5 0DE 0E0 00C 00D 00D 00E 006 000 000 033 008 00A 009 035 018 0CD 032 033 00A 044 044 044 044 044 044
044 044 044 044 044 044 007 008 008 035 032 000 032 01C 01D 01E 02B 038 039 025 032 000 060 061 026 033 008 035 047 048 049 051 052 033 07C 09F 044 044 044 044 044 044 044 044 044 044 0A9 0AA 0D4 0AA 0D1 0AA 0D4 0AA 0C3 09D 09F 044 044 044 044 09C 09F 044 09C 09F 09E 09D 09F 044 044 09C 0C4 0D4 0D9 0DA 0D2 0AA 0D9 0DA 0D4 0D2 0D9 0DA 0D9 0DA 0D4 0D9 0DA 0D4 0AA 0D9 0DA 0D2 0AA 0D9 0DA 0E4 0E5 0D4 0D6 0DF 0E0 00C 00D 00F 01D 01D 010 00D 00E 006 006 000 033 035 000 000 032 000 032 033 00A 044 044 044 044 044
044 044 044 044 044 007 035 032 0CD 032 006 018 006 02C 02D 02E 033 008 008 035 0CD 000 051 052 051 052 051 052 051 06A 06B 05F 061 000 0D3 0AB 044 044 044 044 044 044 044 044 09C 09D 0C4 0AA 0AA 0AA 0D2 0AA 0AA 0D9 0DA 0AA 0AB 044 044 044 044 0B4 0B7 044 0A9 0C3 0C4 0C1 0B7 044 044 0A9 0D4 0D9 0D8 0E5 0D2 0D9 0D8 0E3 0DA 0D2 0E4 0E3 0D8 0E5 0D9 0D8 0E3 0DA 0D4 0E4 0E5 0D2 0D4 0E4 0E5 0AA 0D4 0D4 0D5 002 001 03D 0C0 02F 02F 02F 0C0 02F 03E 001 001 004 001 001 002 001 001 004 032 0CD 023 044 044 044 044 044
044 044 044 044 044 017 00C 00D 00D 00D 00D 00E 018 032 032 032 006 011 00E 000 000 055 06C 06D 06C 06D 06C 06D 06C 05C 05B 06D 057 0C5 0E2 0C3 09D 09D 09F 044 044 044 09C 09D 0C4 0D4 0D4 0AA 0D4 0D4 0D2 0AA 0D4 0E4 0E5 0AA 0C3 09D 09D 09F 044 036 039 044 0B4 0B5 0C2 0AB 039 044 044 0B4 0C2 0E4 0E3 0DA 0D2 0E4 0E5 0E4 0E5 0D2 0D9 0D8 0E5 0AA 0E4 0E3 0D8 0E5 0D4 0D4 0AA 0D1 0D9 0DA 0D9 0DA 0AA 0D4 0D5 000 000 02C 02D 02D 02D 01F 030 020 02E 006 000 004 000 000 000 032 032 004 032 013 02A 044 044 044 044 044
044 044 044 044 007 035 01C 0C0 02F 02F 0C0 03E 001 001 002 000 000 021 02E 004 001 068 067 067 058 067 067 058 067 067 058 067 069 0DB 0D1 0DD 0DD 0D1 0CB 096 07B 096 0CC 0DD 0D1 0DD 0DD 062 0DD 0DD 0D1 0DD 0DD 0DD 0DD 0DD 0D1 0AA 0AA 0C3 09D 09F 044 044 036 037 0B4 0B7 044 044 044 036 0A9 0AA 0E4 0E5 0D1 0DD 0DD 0DD 0DD 0D1 0E4 0E5 0AA 0D1 0AA 0E4 0E3 0DA 0AA 0D9 0DA 0D2 0E4 0E5 0E4 0E3 0DA 0AA 0D5 013 015 016 006 000 011 00F 030 010 00D 00E 00C 03C 00E 018 000 000 018 004 018 02B 039 007 008 00A 044 044
044 044 044 044 017 00C 00F 030 01D 020 02D 02E 018 000 000 000 013 014 015 004 000 055 04D 04E 04A 04D 04E 04A 056 04D 06A 06B 052 0D3 0AA 0D4 0D4 0AA 0AB 044 0A3 044 0A9 0D9 0DA 0AA 0D9 0DA 0D9 0DA 0D2 0D4 0AA 0AA 0D9 0DA 0D2 0AA 0D4 0D4 0AA 0AB 044 044 044 044 036 039 044 044 044 09C 0C4 0AA 0AA 0AA 0D2 0AA 0D9 0DA 0D9 0DA 0D9 0DA 0AA 0D2 0AA 0D9 0D8 0E5 0D4 0E4 0E5 0D2 0AA 0D9 0DA 0E4 0E5 0C1 094 03A 01B 028 029 015 01C 01D 031 01D 020 022 01C 031 01E 011 012 0CD 018 004 018 033 008 035 006 01A 044 044
044 044 044 007 035 01C 01D 030 01D 01E 018 018 018 013 014 029 03A 037 00B 004 000 05A 05B 05C 04A 05B 05C 04A 04D 050 05C 05B 061 0DE 0D7 0C1 0B5 0B6 0B7 044 0A3 044 0A9 0E4 0E5 0D4 0E4 0E3 0D8 0E5 0D2 0AA 0AA 0D4 0E4 0E5 0D2 0AA 0AA 0AA 0AA 0C3 09D 09F 044 044 044 044 044 044 044 0A9 0AA 0D4 0D9 0DA 0D2 0D4 0E4 0E5 0E4 0E5 0E4 0E5 0AA 0D2 0AA 0E4 0E5 0AA 0D4 0D4 0D4 0D2 0D4 0E4 0E5 0AA 0C1 0B7 037 039 036 037 038 00B 02C 01F 030 020 02E 011 00F 030 01E 021 022 032 018 004 018 000 018 011 012 01A 044 044
044 044 044 017 032 01C 01D 031 01D 01E 000 018 000 02B 037 038 039 044 025 003 068 058 067 067 058 056 056 04A 05B 05C 04B 065 066 013 08A 0B7 037 038 039 044 0A3 044 0B4 0B5 0C2 0C1 0C2 0E4 0E5 0AA 0D1 0DD 0DD 0D1 0DD 0DD 0D1 0DD 0DD 0DD 0AA 0DD 0DD 0CB 096 07B 096 096 07B 096 096 0CC 0D1 0D4 0E4 0E5 0D1 0DD 0DD 0DD 0DD 063 0DD 0DD 0DD 0D1 0D9 0DA 0D1 0DD 0DD 0DD 0DD 0D1 0D4 0D4 0AA 0AA 0AB 039 007 008 008 008 00A 025 000 02C 03B 02E 006 01C 01D 030 01E 000 000 000 000 004 000 013 015 021 022 01A 044 044
044 044 044 017 000 01C 01D 030 01D 01E 0CD 000 000 033 008 00A 044 009 035 004 000 04C 04D 04E 04A 04D 04E 04A 056 056 057 013 028 02A 037 039 044 044 044 044 0A3 044 036 037 0B4 0B7 0A9 0AA 0AA 0D4 0D2 0AA 0AA 0D2 0D9 0DA 0D2 0AA 0AA 0D4 0AA 0AA 0C1 0B7 044 044 044 044 044 09C 09D 0C4 0D2 0D9 0DA 0AA 0AA 0D9 0DA 0D9 0DA 0D9 0DA 0D9 0DA 0D4 0E4 0E5 0D2 0AA 0D9 0DA 0D4 0AA 0AA 0D9 0DA 0AA 0AB 044 017 000 002 000 023 027 015 000 040 000 000 01C 01D 031 03E 001 000 001 001 003 000 02B 01B 028 029 02A 044 044
044 044 044 017 032 01C 01D 030 01D 01E 032 032 0CD 000 032 033 00A 025 000 004 032 055 05B 05C 04A 05B 05C 04A 04D 04E 057 02B 037 039 044 044 044 044 044 044 0A3 044 044 044 036 039 0A9 0AA 0D4 0D4 0D2 0D4 0D4 0D2 0E4 0E5 0D2 0AA 0D4 0AA 0C1 0B5 0B7 039 044 044 044 044 044 0A9 0AA 0AA 0D2 0E4 0E5 0D4 0D4 0E4 0E3 0D8 0E3 0D8 0E3 0D8 0E3 0DA 0D9 0DA 0D2 0D9 0D8 0E3 0DA 0D4 0D9 0D8 0E3 0DA 0AB 044 017 000 004 032 01A 036 00B 006 004 000 006 02C 02D 02D 02E 000 000 032 032 004 000 023 036 037 038 039 044 044
044 044 044 017 032 01C 01D 043 02F 03E 002 001 001 001 004 000 033 035 032 004 000 000 04C 056 046 067 067 058 05B 05C 057 01A 044 044 044 044 044 044 044 044 07B 044 044 044 09C 09D 0C4 0D2 0DD 0DD 0D1 0AA 0D4 0D2 0D4 0AA 0D1 0AA 0C1 0B6 0B7 037 039 044 044 044 044 09C 09D 0C4 0D6 0DF 0DC 0DF 0D7 0D6 0DF 0D7 0E4 0E3 0D8 0E3 0D8 0E3 0D8 0E3 0D8 0E5 0D2 0E4 0E5 0E4 0E5 0AA 0E4 0E5 0E4 0E5 0AB 044 027 015 004 013 02A 007 035 006 004 0CD 011 012 018 032 0CD 000 032 018 032 004 000 033 00A 044 044 044 044 044
044 044 044 017 000 02C 01F 030 020 02E 004 032 032 000 004 032 000 026 032 004 032 032 064 04C 056 04D 04E 04A 04D 04E 057 01A 044 044 044 044 044 044 044 044 0A3 044 044 09C 0C4 0AA 0AA 0D2 0AA 0AA 0AA 0AA 0AA 0D2 0AA 0AA 0D2 0D4 0AB 038 039 044 044 044 044 044 044 0A9 0AA 0D1 0D0 001 003 000 0DE 0E0 000 0D3 0D4 0E4 0E5 0E4 0E5 0E4 0E5 0E4 0E5 0D4 0D2 0AA 0C1 0B5 0C2 0D4 0D4 0AA 0D4 0AA 0AB 007 024 035 004 033 024 035 032 032 004 032 021 022 00C 00D 00D 00D 00D 00E 000 003 000 000 01A 044 044 044 044 044
044 044 044 027 015 000 02C 03B 02E 000 004 032 032 000 004 0CD 051 052 000 004 032 051 052 064 065 06E 06F 005 06E 06F 013 02A 044 044 044 044 044 044 044 044 0A3 044 09C 0C4 0AA 0AA 0AA 0D2 0AA 0AA 0AA 0AA 0AA 0D2 0AA 0AA 0D2 0AA 0C3 09F 044 044 044 044 044 044 044 0A9 0AA 0D2 0E1 0C7 004 0C5 0C6 0C7 000 0D3 0D1 0DD 0DD 0DD 0DD 0D1 0D9 0DA 0D9 0DA 0D1 0AA 0AB 037 0B4 0B5 0B6 0B5 0B6 0B5 0B7 017 016 032 003 001 001 002 001 001 000 001 001 001 03D 0C0 01D 01D 01D 01E 032 004 000 032 033 00A 044 044 044 044
044 044 044 036 017 000 000 004 000 000 003 001 001 001 003 032 060 061 000 003 000 060 061 000 000 000 00C 03C 00E 000 02B 039 044 044 044 044 044 044 044 044 0A3 044 0A9 0AA 0D1 0DD 0DD 0D1 0DD 0DD 0AA 0DD 0DD 0D1 0AA 0AA 0AA 0AA 0AA 0AB 044 044 044 044 044 044 09C 0C4 0AA 0D2 0D6 0E0 004 0DE 0D7 0D5 000 0DE 0DC 0DF 0D7 0AA 0AA 0D2 0E4 0E3 0D8 0E5 0D2 0D4 0AB 044 036 037 038 037 038 037 039 017 0C5 0C6 0C7 032 032 004 032 000 032 032 0CD 00C 00F 030 01D 020 02D 022 018 004 032 0CD 032 01A 044 044 044 044
044 044 044 044 027 015 000 004 018 000 004 000 0CD 000 051 052 000 026 000 000 000 006 000 006 006 00C 00F 031 010 00E 033 00A 044 044 044 044 044 044 044 044 0A3 044 0A9 0AA 0D2 0AA 0AA 0AA 0AA 0AA 0AA 0AA 0AA 0D2 0AA 0AA 0AA 0AA 0AA 0AB 044 044 044 044 044 09C 0C4 0AA 0AA 0D2 0E1 0C6 0CF 0C6 0E2 0E1 0C7 000 004 013 08A 0C2 0AA 0D2 0AA 0E4 0E5 0D4 0D2 0AA 0C3 09D 09D 09F 044 007 008 008 008 035 0DE 0DF 0E0 016 006 004 000 000 000 00C 00D 00F 01D 030 020 02E 032 000 032 004 000 013 029 02A 044 044 044 044
044 044 044 044 036 017 000 004 018 032 004 000 000 047 06C 06D 048 049 026 026 000 000 032 00C 00D 00F 01D 030 01D 01E 000 033 00A 044 044 044 044 044 044 044 0A3 044 0B4 0C2 0D2 0AA 0AA 0AA 0AA 0AA 0AA 0AA 0AA 0D2 0AA 0C1 0B5 0C2 0AA 0AB 044 044 044 044 044 0A9 0AA 0AA 0AA 0D2 0AA 0AA 062 0DD 0DD 0AA 0D0 001 0F7 02B 037 0B4 0C2 0D1 0D4 0AA 0D9 0DA 0D1 0DD 0DD 0DD 0D1 0CB 096 08B 002 001 001 004 001 001 001 001 001 003 001 002 001 03D 0C0 02F 02F 031 03E 001 002 001 001 003 000 02B 038 039 044 044 044 044
044 044 044 044 044 027 015 000 001 001 003 001 001 068 067 058 067 069 001 001 001 000 001 03D 0C0 02F 02F 031 01D 01E 006 000 01A 044 044 044 044 044 044 044 07B 044 036 0A9 0D1 0DD 0DD 0DD 0DD 0DD 0D1 0DD 0DD 0D1 0AA 0AB 037 0B4 0B5 0B7 044 044 044 044 044 0B4 0B6 0B5 0C2 0D2 0AA 0AA 0D2 0AA 0AA 0AA 0D5 000 000 01A 044 036 0A9 0D2 0D9 0DA 0E4 0E5 0D2 0AA 0AA 0AA 0AA 0AB 044 017 000 016 016 004 000 006 006 0CD 000 004 000 000 000 02C 02D 02D 01F 030 01E 000 000 032 032 004 000 01A 044 044 044 044 044 044
044 044 044 044 044 036 017 000 000 032 004 051 052 051 04E 056 04D 052 000 0CD 000 000 000 02C 02D 02D 02D 02D 02D 02E 006 000 033 00A 044 044 044 044 044 044 0A3 044 044 0B4 0B5 0B6 0C2 0AA 0AA 0AA 0D2 0AA 0AA 0AA 0AA 0AB 044 036 037 039 044 044 044 044 044 036 038 037 0A9 0D1 0DD 0DD 0D1 0AA 0AA 0AA 0D5 013 028 02A 044 09C 0C4 0D2 0E4 0E5 0D4 0AA 0D2 0AA 0AA 0C1 0B5 0B7 044 027 028 015 000 004 000 000 000 000 000 004 000 000 032 032 032 000 02C 03B 02E 000 000 051 052 003 000 01A 044 044 044 044 044 044
044 044 044 044 044 044 027 015 000 047 03F 06C 06D 05B 05C 056 05B 061 000 000 000 000 0CD 013 028 015 013 015 000 018 018 032 032 033 00A 044 044 044 044 044 0A3 044 044 036 037 038 0A9 0AA 0AA 0AA 0D2 0AA 0AA 0AA 0C1 0B7 044 044 044 044 044 044 044 044 044 044 044 044 0B4 0C2 0AA 0AA 0AA 0AA 0AA 0AA 0D5 02B 037 039 044 0B4 0C2 0D1 0DD 0DD 0DD 0DD 0D1 0AA 0C1 0B7 037 039 044 036 037 01B 015 003 001 001 002 001 001 003 000 013 028 029 015 0CD 000 004 000 000 0CD 060 061 004 000 033 008 00A 044 044 044 044
044 044 044 044 044 044 036 034 015 055 058 067 067 067 067 058 067 069 001 001 002 032 032 02B 037 01B 03A 00B 032 032 000 006 032 032 033 00A 044 044 044 044 0A3 044 044 044 07B 096 0CC 0DD 0DD 0DD 0D1 0AA 0AA 0C1 0B7 039 044 044 044 044 044 044 044 044 044 044 044 044 036 0B4 0C2 0AA 0AA 0AA 0AA 0C1 094 02A 044 044 044 036 0B4 0C2 0AA 0AA 0AA 0AA 0AA 0C1 0B7 039 044 044 044 044 044 036 01B 015 000 000 000 000 013 028 029 03A 037 038 00B 032 000 000 001 001 002 001 001 040 026 032 032 01A 044 044 044 044
044 044 044 044 044 044 007 024 035 051 04E 04D 06A 06B 04E 04A 056 059 000 000 000 013 028 02A 044 036 039 027 028 029 028 029 028 029 028 02A 044 044 044 044 0A3 044 044 044 0A3 044 0B4 0B5 0B6 0B5 0B6 0B5 0B6 0B7 039 044 044 044 044 044 044 044 044 044 044 044 044 044 044 036 0B4 0B5 0B6 0B5 0B6 0B7 037 039 044 044 044 044 036 0B4 0B5 0B6 0B5 0B6 0B5 0B7 039 044 044 044 044 044 044 044 036 01B 028 029 028 029 03A 037 038 039 044 044 027 015 000 032 047 048 048 048 048 03F 048 048 049 033 008 00A 044 044
044 044 044 044 044 044 017 032 032 060 06F 06E 06F 06E 05C 04A 056 04B 032 000 000 02B 037 039 044 044 044 036 037 038 037 038 037 038 037 039 044 044 044 044 0A3 044 044 044 0A3 044 036 037 038 037 038 037 038 039 044 044 044 044 044 044 044 044 044 044 044 044 044 044 044 044 036 037 038 037 038 039 044 044 044 044 044 044 044 036 037 038 037 038 037 039 044 044 044 044 044 044 044 044 044 036 037 038 037 038 039 044 007 008 008 00A 036 01B 015 032 05A 04D 06A 06B 04E 04A 04D 04E 059 026 049 01A 044 044
044 044 044 044 044 044 027 028 015 000 000 000 051 052 04C 058 04D 052 032 013 029 02A 044 07B 096 096 096 096 096 07B 096 096 096 096 096 07B 096 096 096 096 07B 044 044 044 0A3 044 044 044 044 044 044 044 044 044 044 044 044 044 044 044 044 044 044 044 044 044 044 044 044 044 044 044 044 044 044 044 044 044 044 044 044 044 044 044 044 044 044 044 044 044 044 044 044 044 044 044 044 044 044 044 044 044 044 044 044 007 035 000 000 01A 044 036 00B 051 04E 05B 05E 050 05C 058 05B 05E 04E 059 049 01A 044 044
044 044 044 044 044 044 036 037 017 000 032 032 060 061 05A 04A 05B 061 013 03A 038 039 044 0A3 044 044 044 044 044 044 044 044 044 044 044 044 044 044 044 044 044 044 044 044 0A3 044 044 044 007 008 00A 044 044 044 044 044 044 044 044 044 007 008 00A 044 044 044 044 044 044 044 044 044 044 044 044 044 044 044 044 044 044 044 044 044 044 044 044 044 044 044 044 044 044 044 044 044 044 044 044 044 044 044 044 044 044 017 000 002 032 01A 044 044 017 060 05C 04D 050 05E 04E 04A 04D 050 05E 04E 057 01A 044 044
044 044 044 044 044 044 044 044 027 028 015 032 000 047 056 04A 056 057 02B 039 044 044 044 0A3 044 044 044 044 044 007 008 008 008 00A 044 044 044 044 044 044 044 044 044 044 07B 096 096 096 08B 002 07D 096 096 096 07B 096 096 07B 096 096 08B 002 033 00A 044 007 008 008 00A 044 044 044 044 007 008 008 00A 044 044 007 00A 044 044 044 044 044 044 044 044 044 044 044 044 044 044 044 044 044 044 044 044 044 044 044 044 017 032 004 032 033 008 008 035 055 056 05B 05C 05B 05C 04A 05B 05C 05B 05C 057 01A 044 044
044 044 044 044 044 044 044 044 036 037 027 015 002 068 067 058 04D 052 01A 044 044 044 044 0A3 044 044 007 00A 007 035 000 002 000 033 008 008 008 00A 044 009 00A 044 044 044 044 044 044 044 027 029 03A 044 044 044 044 044 044 0A3 044 044 01B 07E 029 02A 044 017 032 006 033 00A 044 044 007 035 000 026 01A 044 044 027 02A 044 044 044 044 044 044 044 044 044 007 008 008 008 00A 044 007 008 008 008 00A 044 044 044 044 027 015 003 001 001 0F7 001 001 068 058 067 067 067 067 058 056 056 04B 065 013 02A 044 044
044 044 044 044 044 044 044 044 044 044 009 035 004 064 065 005 06E 061 01A 044 044 044 044 0A3 044 044 017 033 035 00C 00E 004 00C 00E 00C 00D 00E 033 008 035 033 008 00A 044 044 044 044 044 036 038 039 044 044 044 044 044 044 0A3 044 044 036 08C 038 039 007 035 006 032 032 033 008 008 035 032 000 000 033 00A 044 036 039 044 044 044 044 044 044 044 044 007 035 000 000 032 033 008 035 006 000 000 033 00A 044 044 044 036 01B 028 015 026 051 052 026 05A 04A 04D 06A 06B 04E 04D 04E 04B 026 000 02B 039 044 044
044 044 044 044 044 044 044 044 044 044 017 032 004 0CD 000 003 013 029 02A 044 044 044 044 07B 044 009 035 00C 00D 00F 010 03C 00F 010 00F 01D 010 00D 00D 00D 00D 00E 023 044 044 044 044 044 007 008 00A 044 044 044 044 044 044 07B 044 044 044 0A3 044 044 017 002 001 001 002 001 001 002 001 001 002 000 013 02A 044 044 044 044 044 044 044 044 044 044 007 035 006 000 002 001 001 040 001 001 001 002 032 01A 044 044 044 044 036 037 00B 026 060 061 051 04E 04A 05B 05C 05B 05C 05B 05E 052 013 029 02A 044 044 044
044 044 044 044 044 044 044 044 044 044 025 032 004 000 018 004 01A 038 039 044 044 044 044 0A3 044 027 015 01C 0C0 02F 02F 031 02F 02F 02F 0C0 02F 02F 02F 0C0 01D 01E 033 00A 044 007 008 008 035 000 033 008 00A 044 044 044 044 0A3 044 044 044 0A3 044 044 017 004 006 032 004 000 032 004 032 032 000 013 03A 039 044 044 044 044 044 007 008 00A 044 044 027 029 028 015 004 000 000 004 013 015 000 032 013 02A 044 044 044 007 008 008 035 032 032 051 050 05C 058 067 067 067 067 058 05B 06F 02B 038 039 044 044 044
044 044 044 044 044 044 044 044 044 044 025 032 004 000 018 004 01A 044 044 044 044 044 044 0A3 044 036 00B 01C 030 020 02D 03B 02D 01F 01D 030 01D 01D 01D 030 01D 010 00E 033 008 035 032 000 032 032 032 032 033 00A 044 044 007 08D 00A 044 044 0A3 007 008 035 004 006 032 004 006 0CD 004 018 018 000 02B 039 044 044 044 044 044 007 035 000 033 00A 044 036 038 037 00B 004 032 013 07E 03A 01B 015 0CD 02B 039 044 044 044 017 032 026 032 002 032 060 05D 04E 056 056 056 04D 04E 04A 04B 013 02A 044 044 044 044 044
044 044 044 044 044 044 044 044 044 007 035 000 004 001 001 003 01A 044 044 044 044 044 044 0A3 044 044 017 02C 03B 02E 018 004 0CD 02C 02D 03B 01F 01D 01D 043 02F 0C0 03E 001 002 001 001 004 000 032 002 032 000 01A 044 044 017 0F7 07D 096 096 07B 017 032 0CD 004 000 0CD 004 018 032 003 001 001 001 07D 096 07B 096 096 096 07B 08B 001 000 001 07D 07B 096 096 096 08B 003 018 02B 08C 039 036 00B 026 033 00A 044 044 044 027 015 026 000 004 000 051 050 05C 056 056 056 05B 05C 058 057 02B 039 044 044 044 044 044
044 044 044 044 044 044 044 044 044 017 000 000 004 000 000 000 01A 044 044 044 044 044 044 0A3 044 044 027 015 004 000 000 004 000 006 000 004 02C 01F 01D 030 01D 020 02E 018 013 014 015 004 051 052 004 000 013 02A 044 044 027 07E 02A 044 044 044 017 026 000 042 018 000 004 000 018 004 011 00D 012 01A 044 044 044 044 044 0A3 027 015 032 032 01A 0A3 044 044 044 017 018 018 01A 0A3 044 044 027 028 029 02A 044 044 044 036 01B 015 026 004 026 060 05C 056 056 058 056 04D 04E 04A 057 01A 044 044 044 044 044 044
044 044 044 044 044 044 044 007 008 035 032 0AF 0A8 0B1 032 000 01A 044 044 044 07B 096 096 07B 044 044 007 035 042 0CD 000 000 001 001 001 004 000 01C 01D 030 01D 01E 032 032 033 024 035 004 060 061 004 026 02B 039 044 044 036 08C 039 044 044 044 027 028 015 004 018 000 040 001 001 003 01C 01D 01E 033 00A 044 044 044 007 08D 024 035 013 029 02A 0A3 044 044 007 035 013 029 02A 0A3 044 044 036 037 038 039 044 044 044 044 007 035 032 004 032 055 056 056 056 04A 056 05B 05C 04A 059 033 00A 044 044 044 044 044
044 044 044 044 044 044 044 017 000 032 0AF 0BF 098 0BC 032 000 01A 044 044 044 0A3 044 044 044 044 044 017 000 004 000 032 000 000 018 000 004 000 01C 01D 031 02F 03E 001 002 001 001 001 0F7 001 001 003 026 033 008 00A 044 044 0A3 044 044 044 044 036 037 00B 004 000 026 013 028 015 018 01C 020 02E 013 02A 044 044 007 035 004 032 018 02B 038 039 0A3 044 044 017 013 03A 038 039 07B 007 008 00A 044 044 044 044 044 044 044 017 0CD 032 003 001 068 067 058 067 058 067 067 067 058 056 057 01A 044 044 044 044 044
044 044 044 044 044 007 008 035 0AF 0B0 0BF 045 098 0BC 013 028 02A 044 044 044 0A3 044 044 044 044 009 035 00C 03C 00D 00D 00E 000 000 011 03C 00D 00F 01D 030 01D 01E 013 028 029 028 015 000 013 028 029 015 013 029 02A 044 044 07B 096 096 096 07B 096 096 08B 003 000 000 02B 037 01B 015 02C 02E 013 03A 039 044 007 035 000 000 001 001 07D 096 096 07B 044 007 035 02B 039 044 044 0A3 017 026 01A 044 044 044 044 044 044 044 017 0CD 032 013 015 051 04E 04A 056 04D 06A 06B 04E 056 04D 052 01A 044 044 044 044 044
044 044 044 044 044 017 000 042 0A7 099 097 099 097 0BC 02B 037 039 044 044 044 0A3 044 044 044 044 027 015 01C 031 02F 02F 03E 004 000 01C 031 02F 02F 02F 031 020 02E 01A 037 038 037 027 029 03A 037 038 01B 03A 038 039 044 044 044 044 044 044 044 044 044 027 028 029 028 02A 044 036 01B 028 028 03A 039 044 044 027 015 032 000 032 018 01A 044 044 0A3 044 027 028 02A 044 044 044 0A3 017 026 01A 007 00A 044 044 044 044 044 027 028 029 03A 00B 060 06F 005 065 06E 06F 06E 06F 065 06E 061 01A 044 044 044 044 044
044 044 044 044 044 017 018 004 0C8 0A6 045 0A4 0C9 0CA 01A 044 044 044 044 044 0A3 044 044 044 044 036 00B 02C 02D 02D 02D 02E 004 032 02C 02D 02D 02D 02D 02D 02E 013 02A 044 044 044 036 038 039 044 044 036 039 044 044 044 044 044 044 044 044 044 044 044 036 037 038 037 039 044 044 036 037 037 039 044 044 044 036 01B 028 015 013 029 02A 044 044 0A3 044 036 037 039 044 044 044 0A3 027 029 02A 027 02A 044 044 044 044 044 036 037 038 039 01B 015 000 003 013 028 029 028 029 015 000 000 01A 044 044 044 044 044
044 044 044 044 044 017 018 004 018 0C8 0C9 0CA 013 028 02A 044 044 044 044 044 07B 044 044 044 044 044 027 015 000 013 028 015 004 000 018 000 000 000 032 000 032 033 024 00A 044 044 044 044 044 044 044 044 044 044 044 044 044 044 044 044 044 044 007 008 00A 044 044 044 044 044 044 044 044 044 044 044 044 044 044 036 037 01B 03A 038 039 044 044 07B 096 096 096 07B 096 096 096 07B 036 038 039 036 039 044 044 044 044 044 044 044 044 044 036 01B 028 07E 03A 037 038 037 038 01B 028 029 02A 044 044 044 044 044
044 044 044 044 044 017 018 004 018 000 000 032 02B 037 039 044 044 044 044 044 0A3 044 044 044 044 044 036 00B 032 02B 037 00B 003 001 001 004 001 001 001 002 032 0CD 013 03A 044 044 044 044 044 044 044 044 044 044 044 044 044 044 044 044 044 007 035 000 033 00A 044 044 044 044 044 044 044 044 044 044 044 044 044 044 044 036 039 044 044 044 044 0A3 044 044 044 007 008 008 008 00A 044 044 007 008 008 00A 044 044 044 044 044 044 044 044 044 036 037 08C 039 044 044 044 044 036 037 038 039 044 044 044 044 044
044 044 044 044 044 017 032 004 000 000 000 032 033 00A 044 044 044 044 044 044 0A3 044 044 044 044 044 044 027 028 02A 009 035 004 006 000 004 032 0CD 000 000 000 013 03A 039 044 044 044 044 044 044 044 044 044 044 044 044 044 044 044 044 044 017 000 002 000 01A 044 007 008 00A 044 044 044 044 044 044 044 044 044 044 044 044 044 044 044 044 044 0A3 044 044 007 035 0CD 032 000 033 008 008 035 032 032 033 00A 044 044 044 044 044 044 044 044 044 044 0A3 044 044 044 044 044 044 044 044 044 044 044 044 044 044
044 044 044 007 008 035 000 003 001 001 000 000 013 02A 044 044 044 044 044 044 0A3 044 044 044 044 044 044 036 037 039 017 011 03C 00D 00D 03C 00D 00E 018 013 029 03A 039 044 044 044 007 008 008 00A 044 044 044 044 044 044 044 007 008 008 00A 027 015 0CE 000 033 008 035 006 033 00A 044 044 044 044 007 008 008 008 00A 044 044 044 044 044 044 044 07B 096 096 08B 002 001 001 004 001 001 041 001 001 002 000 023 044 044 044 044 07B 096 096 096 096 096 07B 044 044 044 044 044 044 044 044 044 044 044 044 044 044
044 044 044 017 032 000 000 004 032 000 000 032 033 024 00A 044 044 044 044 044 0A3 044 044 044 044 044 044 044 044 009 035 01C 030 01D 01D 031 01D 01E 000 02B 038 039 044 044 044 007 035 032 000 033 00A 044 044 044 044 007 008 035 000 032 033 024 035 0CE 000 018 032 000 032 018 01A 044 044 007 008 035 032 032 000 033 00A 044 044 044 007 00A 044 0A3 044 044 017 000 018 000 004 032 013 029 015 000 000 000 01A 044 044 044 044 0A3 044 044 044 044 044 0A3 044 044 044 044 044 044 044 044 044 044 044 044 044 044
044 044 044 017 032 018 000 004 000 006 032 0CD 000 000 033 00A 044 044 044 044 07B 044 044 044 044 044 044 044 007 035 018 01C 030 01D 01D 030 01D 01E 013 02A 044 044 044 044 044 017 000 002 000 032 01A 044 007 008 008 035 002 001 001 002 001 001 001 002 001 001 001 004 000 018 01A 044 044 017 002 001 001 002 032 032 01A 044 044 044 027 02A 044 0A3 044 044 027 014 015 032 004 013 03A 038 01B 028 029 028 02A 044 044 044 044 0A3 044 044 044 044 0E8 0FC 0E9 044 044 044 044 0E8 0E7 0E9 044 044 044 044 044 044
044 044 044 017 000 018 000 003 001 001 002 000 018 0CD 000 01A 044 044 044 044 0A3 044 044 044 044 044 044 044 027 028 015 01C 030 01D 01D 030 01D 01E 02B 039 044 044 044 044 044 017 000 004 051 052 033 008 035 006 032 006 004 000 032 032 032 000 000 006 018 032 032 004 032 000 033 00A 007 035 004 000 032 004 032 000 01A 044 044 044 036 039 044 07B 044 044 036 037 00B 000 003 02B 039 044 036 037 038 037 039 044 044 044 044 0A3 044 044 044 0E8 0F9 108 0F8 0E7 0E9 044 044 0F4 0EA 0F6 044 044 044 044 044 044
044 044 044 017 000 000 000 000 032 00C 03C 00E 018 000 032 033 00A 044 044 044 0A3 044 044 044 044 044 044 044 036 037 00B 01C 031 02F 02F 043 01D 01E 033 008 008 00A 044 044 044 027 015 004 060 061 026 006 032 000 000 018 004 032 032 000 0CD 032 000 018 000 032 032 004 032 032 032 033 035 032 004 051 052 004 000 013 02A 044 044 044 044 044 044 0A3 044 044 044 044 027 029 07E 02A 044 044 044 044 044 044 044 044 044 044 044 0A3 044 044 044 0F4 0EA 107 0A0 0A2 0F6 044 0E8 0F9 0ED 0F6 044 044 044 044 044 044
044 044 044 017 032 032 000 018 00C 00F 030 010 012 000 032 018 033 008 00A 044 0A3 044 044 044 044 044 044 044 044 044 017 02C 03B 02D 02D 02D 02D 02E 0CD 000 000 033 00A 044 044 036 00B 003 001 042 001 001 001 004 001 001 003 001 001 002 001 001 002 001 001 042 001 003 001 001 001 002 001 001 0F7 060 061 003 000 02B 039 044 044 044 044 007 008 08D 00A 044 044 044 036 038 08C 039 044 044 044 007 008 008 00A 044 044 044 044 07B 044 044 044 0F4 0FA 107 0AC 0AE 0F6 044 101 102 103 104 044 044 044 044 044 044
044 044 044 027 028 028 015 000 01C 01D 031 02F 03E 002 001 001 002 001 07D 096 07B 096 096 07B 044 044 044 044 044 007 035 000 003 001 001 001 001 002 001 001 002 000 01A 044 044 044 017 051 052 004 000 018 000 004 000 018 000 013 015 0CD 032 000 004 013 015 018 018 018 013 028 015 000 032 0CD 000 032 026 004 013 02A 044 044 044 044 007 035 000 004 033 00A 044 044 044 044 0A3 044 009 00A 007 035 032 032 01A 044 044 044 044 0A3 044 044 0E8 0F9 0ED 107 0B8 0BA 0F6 044 036 037 038 039 044 044 044 044 044 044
044 044 044 036 037 037 00B 000 01C 01D 01D 01D 010 03C 00E 032 004 032 01A 044 044 044 044 0A3 044 044 044 044 044 017 032 018 004 032 018 006 000 004 0CD 032 000 000 01A 044 044 007 035 060 061 040 000 018 018 004 013 028 029 03A 00B 018 006 032 004 02B 01B 029 029 029 03A 037 00B 018 000 000 032 032 032 004 033 024 00A 044 044 044 017 018 000 000 001 07D 096 07B 096 096 07B 007 035 01A 025 000 003 032 01A 044 044 044 044 0A3 044 044 0F4 0ED 0ED 0FA 105 105 0EE 07B 096 096 07B 044 044 044 044 044 044 044
044 044 044 044 044 044 027 015 021 02D 02D 01F 01D 030 01E 000 004 032 01A 044 044 044 044 0A3 044 044 044 009 008 035 0CD 018 004 018 000 032 032 004 000 018 013 014 02A 044 044 027 015 000 032 004 032 000 0CD 004 02B 037 038 039 017 011 00D 012 004 01A 007 024 024 024 019 007 035 018 018 000 000 032 0CD 004 011 012 01A 044 044 044 027 015 032 000 032 01A 044 044 044 044 0A3 027 015 033 035 032 004 000 01A 044 044 044 044 0A3 044 0E8 0F9 0EA 0EA 0A0 0A1 0A2 0F6 044 044 044 0A3 044 044 044 044 044 044 044
044 044 044 044 044 044 036 00B 000 000 000 01C 01D 030 010 00E 003 0CD 033 00A 044 044 044 0A3 044 044 007 035 032 032 000 0CD 004 018 000 000 000 003 000 000 02B 037 039 044 044 036 01B 028 015 003 001 001 001 003 033 008 00A 007 035 01C 0C0 03E 003 023 017 032 002 032 023 017 002 001 001 001 000 001 001 003 021 022 01A 044 044 044 036 01B 028 029 028 02A 044 044 044 044 0A3 036 01B 028 029 015 004 013 02A 044 044 044 044 0A3 044 101 102 103 0EC 0AC 0F2 0BA 0F6 044 044 044 0A3 044 044 044 044 044 044 044
044 044 044 044 007 008 008 035 006 000 018 02C 01F 030 01D 010 03C 012 032 01A 044 044 044 0A3 044 044 017 032 002 001 001 001 003 032 032 004 000 004 032 000 01A 044 044 044 044 044 036 037 01B 015 026 051 052 004 051 052 033 035 032 01C 030 010 012 01A 017 032 004 032 01A 017 004 013 015 000 000 032 032 004 018 000 033 00A 044 044 044 036 037 038 037 039 044 044 044 044 0A3 044 036 037 038 00B 004 02B 039 044 044 044 044 07B 044 036 037 038 0F4 0B8 0BA 0EB 104 044 044 044 0A3 044 044 044 044 044 044 044
044 044 044 044 017 032 018 018 000 000 018 018 01C 030 01D 01D 030 01E 018 033 008 00A 044 0A3 044 044 017 032 000 000 000 018 004 018 000 004 000 004 000 018 01A 044 044 044 007 008 008 008 024 035 05A 06C 06D 03F 06C 061 000 000 032 01C 030 01D 01E 01A 027 015 004 013 02A 017 004 01A 027 028 029 028 015 004 013 028 029 02A 044 044 044 007 008 008 008 00A 044 044 044 044 07B 096 096 096 07B 08B 003 033 00A 044 044 044 044 0A3 044 044 044 044 101 102 103 104 039 044 044 044 0A3 044 044 044 044 044 044 044
044 044 044 044 027 015 00C 00D 00E 000 002 001 03D 031 02F 02F 031 03E 001 001 040 07D 096 07B 044 044 027 028 015 032 018 018 042 001 001 003 001 003 001 001 07D 096 07B 096 08B 002 001 001 002 068 067 058 067 058 067 069 001 000 001 03D 031 01D 01E 033 008 035 004 033 024 035 003 01A 036 037 038 037 017 040 02B 037 038 039 044 044 044 017 000 002 032 01A 044 044 044 044 044 044 044 044 0A3 027 028 029 02A 044 044 044 044 0A3 044 044 044 044 036 037 038 039 044 044 044 044 07B 044 044 044 044 044 044 044
044 044 044 044 036 00B 01C 01D 010 00E 004 000 01C 01D 01D 01D 020 02E 018 032 0CD 01A 044 044 044 044 036 037 00B 032 0CD 032 000 051 052 004 051 052 051 052 01A 044 044 044 017 018 032 032 032 051 06A 06B 04E 04A 04D 052 026 000 032 01C 030 020 022 0CD 032 018 004 018 032 0CD 004 033 008 008 008 00A 017 004 01A 044 044 044 044 044 007 035 000 004 032 033 008 00A 044 044 044 044 044 044 0A3 036 037 038 039 044 044 044 044 0A3 044 044 044 044 044 044 044 044 044 044 044 044 0A3 044 044 044 044 044 044 044
044 044 044 044 007 035 02C 02D 01F 010 03C 00D 00F 020 02D 02D 02E 000 032 013 029 02A 044 044 044 044 044 044 027 028 029 028 015 060 06D 03F 06C 05E 04F 061 01A 044 044 044 027 028 028 029 015 060 05D 04F 06F 005 06E 061 032 000 018 01C 031 03E 001 001 001 001 040 001 001 001 003 001 001 001 042 033 035 004 023 044 044 044 044 044 017 032 018 004 018 000 032 033 00A 044 044 044 044 044 0A3 044 044 044 044 044 044 044 044 0A3 044 044 044 0E6 0E7 0E7 0E9 044 044 044 044 044 0A3 044 044 044 044 044 044 044
044 044 044 044 017 032 032 032 02C 02D 03B 02D 02D 02E 018 032 032 013 029 03A 038 039 044 044 044 044 044 044 036 037 038 037 00B 051 04E 058 04D 050 05E 052 033 00A 044 044 036 037 037 038 00B 032 060 061 026 004 026 00C 00D 00D 012 021 03B 022 000 000 051 052 004 032 032 026 004 032 032 011 03C 00E 032 003 033 00A 044 044 044 044 017 000 000 003 001 004 001 001 07D 096 07B 044 009 00A 07B 044 044 044 044 044 044 044 044 07B 044 044 044 0F4 0ED 0ED 0F8 0E7 0E9 044 044 044 0A3 044 044 044 044 044 044 044
044 044 044 007 035 000 000 002 001 001 003 000 032 032 013 028 029 03A 038 039 044 044 044 044 044 044 044 044 007 008 008 008 035 060 05C 04A 05B 05E 04F 061 000 01A 044 044 044 044 044 007 035 000 018 0CD 000 004 032 01C 01D 01D 010 012 004 032 000 026 060 061 004 032 051 052 004 018 000 01C 031 01E 000 004 032 033 00A 044 044 044 027 028 015 026 032 004 000 013 02A 044 0A3 007 035 01A 0A3 044 044 044 044 044 044 044 044 0A3 044 044 0E6 0F9 0FA 106 0FA 0FA 0F6 044 044 044 0A3 044 044 044 044 044 044 044
044 044 044 017 032 0CD 000 000 000 0CD 004 013 028 029 03A 037 038 039 044 044 044 044 044 044 044 044 044 007 035 000 002 001 001 068 067 058 04D 050 061 026 000 01A 044 044 044 044 044 017 000 002 001 001 001 003 001 03D 02F 0C0 020 02E 042 001 001 002 001 001 003 051 05F 061 004 000 011 00F 030 010 00D 03C 012 000 01A 044 044 044 036 037 01B 028 015 004 026 02B 039 044 0A3 027 028 02A 0A3 044 044 044 044 044 044 044 044 0A3 044 044 101 0EC 0FA 107 0FA 0ED 0F6 044 044 0E6 0FC 0E9 044 044 044 044 044 044
044 044 044 017 032 000 000 000 013 028 07E 03A 037 038 039 044 044 044 044 044 044 044 044 044 044 044 007 035 032 032 004 032 000 055 056 04A 05B 05C 059 013 029 02A 044 044 044 044 044 027 015 004 0CD 072 073 073 074 021 02D 03B 022 032 004 032 000 004 0CD 032 000 060 061 032 003 001 03D 02F 031 02F 02F 031 01E 000 01A 044 044 044 044 044 036 037 00B 003 026 01A 044 044 0A3 036 037 039 0A3 044 044 044 044 044 044 044 0E6 0FC 0E9 044 0E6 0F9 0EA 107 0FA 0FA 0F8 0E9 0E6 0F9 108 0F6 044 044 044 044 044 044
044 044 044 027 028 029 029 029 03A 037 08C 039 044 044 044 044 044 044 044 007 008 00A 044 044 044 044 017 032 032 000 004 032 032 000 04C 04A 056 056 04B 02B 038 039 044 044 044 044 044 036 00B 004 072 087 085 093 086 073 073 079 074 032 004 032 032 004 032 018 000 000 026 032 032 000 01C 01D 01D 01D 01D 030 01E 013 02A 044 044 044 044 044 044 044 027 07E 029 02A 044 044 0A3 044 044 044 0A3 044 044 044 044 044 044 044 0F4 107 0F8 0E7 0F9 0FA 0FA 107 0EA 0ED 0ED 0F8 0F9 0ED 107 0F8 0E7 0E9 044 044 044 044
044 044 044 036 037 038 038 038 039 044 07B 044 044 044 044 044 044 044 007 035 026 01A 044 044 044 044 017 041 001 001 003 001 001 002 068 058 04D 04E 057 023 044 044 044 044 044 044 044 007 035 004 081 093 082 075 084 084 084 075 07A 001 003 000 000 003 032 006 013 028 029 028 029 015 01C 01D 01D 01D 020 03B 022 02B 039 044 044 044 044 044 044 044 036 08C 038 039 044 044 07B 096 096 096 07B 044 044 044 044 044 044 044 0F4 108 105 105 107 105 105 108 0EA 0A0 0A1 0A1 0A2 0FA 107 0ED 0FA 0F6 044 044 044 044
044 044 044 044 044 044 044 044 044 044 0A3 044 044 044 007 00A 007 008 035 000 000 033 00A 044 044 044 017 032 018 000 000 000 000 032 032 005 06E 06F 066 023 044 044 044 044 044 044 007 035 072 079 087 085 082 076 082 082 093 076 086 074 000 000 032 000 032 032 02B 037 038 037 038 00B 021 02D 02D 02D 022 003 013 02A 044 044 044 044 044 044 044 044 044 07B 044 007 00A 044 0A3 044 044 044 044 044 044 044 044 044 044 044 0F4 107 0ED 0EA 107 0EA 0A0 0A1 0A1 100 0AD 0AD 0FF 0A1 0F0 0A2 0ED 0F6 044 044 044 044
044 044 044 044 044 044 044 044 044 044 0A3 044 044 007 035 033 035 002 001 001 001 0F7 01A 044 044 044 017 000 018 032 000 013 015 00C 00D 03C 00D 00D 00E 033 00A 044 044 044 044 007 035 018 081 076 082 082 082 076 093 082 085 076 077 092 013 015 032 032 013 015 033 00A 044 044 044 017 032 032 000 018 000 004 033 019 044 044 044 044 007 008 00A 044 044 0A3 044 027 02A 044 0A3 044 044 044 044 044 044 044 044 044 044 0E6 0F9 107 0FA 0EA 107 0EA 0AC 0AD 10A 0AD 10B 109 109 109 0AD 0FF 0A2 0F6 044 044 044 044
044 044 044 044 044 044 044 044 044 044 0A3 044 007 035 0CD 0CD 000 004 000 000 032 000 01A 044 044 044 017 032 032 0CD 032 023 017 01C 01D 01D 01D 01D 010 00E 01A 044 044 044 044 017 041 001 088 075 084 084 084 054 077 091 078 082 083 032 02B 01B 015 018 02B 00B 026 01A 044 044 007 035 032 002 001 001 001 003 000 033 00A 044 044 044 027 015 033 00A 044 0A3 044 036 039 044 0A3 044 044 044 044 044 044 044 044 044 0E6 0F9 0ED 108 0ED 0EA 107 0EA 0B8 0B9 0F3 0AD 0F5 0AD 10A 10A 0F2 0B9 0BA 0F6 044 044 044 044
044 044 044 044 044 044 044 044 044 044 0A3 044 017 000 032 000 000 004 026 000 000 013 02A 044 044 044 027 028 015 000 000 033 035 01C 01D 01D 01D 01D 01D 01E 01A 044 044 044 044 017 032 018 090 091 091 078 077 091 092 018 090 091 092 013 02A 036 01B 029 02A 027 015 01A 044 044 027 015 032 032 032 000 032 032 0CD 000 01A 044 044 044 036 01B 029 02A 044 0A3 044 044 0E6 0E7 0FC 0E7 0E9 044 044 044 044 044 044 044 101 0EC 0EA 107 0FA 0FA 107 0EA 0ED 0ED 0AC 0AD 0F5 0AD 0AD 0AD 0AE 0EB 102 104 044 044 044 044
044 044 044 044 044 044 044 044 044 044 07B 096 08B 001 001 002 001 003 000 018 0CD 01A 039 044 044 044 036 037 00B 000 006 006 006 01C 01D 01D 01D 01D 020 02E 01A 044 044 044 044 027 028 015 006 000 0CD 090 092 013 028 015 032 013 028 03A 039 044 036 038 039 036 01B 02A 044 044 036 01B 028 029 015 000 0CD 000 013 029 02A 044 044 044 044 036 038 039 044 0A3 044 0E6 0F9 0ED 107 0ED 0F8 0E9 044 044 044 044 044 044 0E6 0F9 0EA 107 0EA 0ED 107 0A0 0A1 0A2 0B8 0F3 10B 0AD 0F2 0B9 0BA 0F6 037 039 044 044 044 044
044 044 044 044 044 044 044 044 044 044 044 044 017 032 018 004 018 004 000 000 000 033 008 00A 044 044 044 044 027 015 0CD 006 006 01C 01D 01D 01D 01D 01E 013 02A 044 044 044 044 036 037 01B 028 029 028 029 028 03A 037 01B 028 03A 037 039 044 044 044 044 044 044 036 039 044 044 044 036 037 038 01B 029 028 029 03A 038 039 044 044 044 044 044 044 044 044 07B 096 0FB 105 105 0FA 0FA 0EA 0F6 044 044 044 07B 096 096 0FB 105 105 071 105 105 108 0B8 0B9 0BA 0EA 0AC 0F5 0AD 0AE 0EA 0ED 0F8 0E9 044 044 044 044 044
044 044 044 044 044 044 044 044 044 044 044 044 017 006 018 004 018 004 000 000 004 000 013 02A 044 044 044 044 036 00B 006 00C 00D 00F 01D 01D 01D 01D 01E 01A 039 044 044 044 044 044 044 036 037 038 037 038 037 039 044 036 037 039 044 044 044 044 044 044 044 044 044 044 044 044 044 044 044 044 036 038 037 038 039 044 044 044 044 044 044 044 044 044 044 044 044 101 0EC 0ED 107 0ED 0EB 104 044 044 044 0A3 044 044 101 102 0EC 107 0A0 0A1 0A2 0FA 0EA 0ED 0A0 100 0F5 0AD 0AE 0ED 0ED 0ED 0F8 0E9 044 044 044 044
044 044 044 044 044 044 044 044 044 044 044 044 017 000 018 041 018 004 000 000 004 000 01A 039 044 044 044 044 044 017 000 01C 01D 01D 01D 01D 020 02D 02E 033 008 008 008 00A 044 044 044 044 044 044 044 044 044 044 044 044 044 044 044 044 044 044 044 044 044 044 044 044 044 044 044 044 044 044 044 044 044 044 044 044 044 044 044 044 044 044 044 044 044 044 044 036 101 102 0EF 102 104 039 044 044 044 0A3 044 044 036 037 0F4 107 0AC 0AD 0AE 0FA 0ED 0EA 0AC 0AD 10B 109 0F1 105 106 0ED 0ED 0F6 044 044 044 044
044 044 044 044 044 044 044 044 044 044 044 007 035 000 018 004 018 004 018 000 004 026 033 008 00A 044 044 044 044 027 015 01C 01D 01D 01D 01D 01E 006 018 072 073 073 074 033 00A 044 044 007 008 008 00A 044 044 044 044 044 044 044 044 044 044 044 044 044 044 044 044 044 044 044 044 044 044 044 044 044 044 044 044 007 008 008 008 00A 044 044 044 044 044 044 044 044 036 037 08C 037 039 044 044 044 044 0A3 044 044 044 044 0F4 108 0AC 0AD 0FF 0A1 0A2 0ED 0B8 0F3 0F5 0F2 0BA 0ED 0ED 0ED 0ED 0F6 044 044 044 044
044 044 044 044 044 044 044 044 044 044 044 027 028 015 018 003 001 003 001 001 003 000 032 000 033 00A 044 044 044 036 00B 02C 01F 01D 01D 01D 010 00E 072 087 082 082 086 074 033 00A 007 035 032 032 033 00A 044 044 044 044 009 00A 044 044 009 008 008 00A 044 044 044 044 044 044 044 044 044 044 044 007 008 008 008 035 000 000 032 033 00A 044 044 044 044 044 044 044 044 044 0A3 044 044 044 044 044 044 0A3 044 044 044 044 0F4 107 0B8 0F3 0AD 0AD 0FF 0A1 0A2 0B8 0FE 0BA 0FA 0FA 0EA 0FA 0FA 0F6 044 044 044 044
044 044 044 044 044 044 044 044 044 044 044 036 037 00B 018 004 018 018 000 000 000 000 000 006 000 01A 044 044 044 044 017 000 01C 01D 01D 01D 01D 01E 081 054 084 084 076 086 074 033 035 032 002 032 013 02A 044 007 008 008 035 033 008 008 035 072 074 033 008 00A 044 044 044 044 044 044 044 044 007 035 032 032 072 073 073 073 073 074 033 008 00A 044 044 007 00A 044 044 044 07B 044 044 044 044 044 044 07B 044 044 044 044 0F4 107 0A0 100 10B 109 109 109 0F1 105 108 0ED 0EB 0EC 0ED 0EB 102 104 044 044 044 044
044 044 044 044 044 044 044 044 044 044 044 007 008 035 018 004 018 000 0CD 000 018 000 013 028 015 01A 044 044 044 044 017 0CD 02C 02D 02D 03B 02D 02E 090 091 078 093 076 082 083 013 015 032 004 000 02B 039 044 017 072 073 073 073 073 073 073 087 086 073 074 033 008 008 00A 044 044 044 044 007 035 072 074 072 087 082 082 075 082 083 072 074 033 00A 007 035 033 00A 044 044 0A3 044 044 044 044 044 044 0A3 044 044 044 0E6 0F9 107 0AC 0AD 0F5 0AD 0AD 0AD 0FF 0A2 107 0EB 104 0F4 0EA 0F6 037 039 044 044 044 044
044 044 044 044 044 044 044 044 044 044 044 017 026 032 018 004 018 0CD 000 013 028 028 02A 037 027 02A 044 044 044 044 027 015 018 006 032 004 016 0AF 0B0 0B1 081 082 076 077 092 02B 00B 026 004 013 02A 044 044 025 081 082 084 084 075 084 084 084 084 075 083 032 032 000 023 044 044 044 044 017 032 081 086 087 082 082 082 076 082 086 087 083 0CD 033 035 072 074 033 00A 044 0A3 044 044 044 044 044 044 0A3 044 044 0E6 0F9 0ED 107 0B8 0F3 0F5 0AD 0AD 0AD 0AD 0AE 107 0F6 039 101 102 104 044 044 044 044 044 044
044 044 044 044 044 044 044 044 044 044 044 027 015 000 018 004 018 018 000 01A 037 037 039 044 036 039 044 044 044 044 036 00B 000 032 072 079 074 0BB 097 0B2 088 084 075 086 074 01A 027 028 07E 03A 039 044 007 035 081 076 093 082 076 082 085 093 082 076 083 000 002 032 023 044 044 007 008 035 072 087 084 084 075 084 084 075 084 084 084 07A 001 004 032 090 092 000 01A 044 0A3 044 044 044 044 044 044 0A3 044 044 0F4 0EA 0ED 0FA 105 0FD 10B 109 109 10B 109 0F1 108 0F8 0E9 036 037 039 044 044 044 044 044 044
044 044 044 044 044 044 044 044 044 044 044 036 027 028 015 003 001 001 002 07D 096 096 096 07B 096 096 096 07B 096 096 096 08B 002 001 088 075 083 0C8 0B3 0CA 081 085 076 093 083 01A 036 037 08C 039 007 008 035 072 087 076 082 082 076 077 078 082 082 075 086 073 079 074 033 008 008 035 016 032 081 082 082 082 076 082 082 082 082 082 082 086 073 079 073 073 074 013 02A 044 0A3 044 044 044 044 044 044 0A3 044 044 101 0EC 0FA 0FA 0ED 0B8 0B9 0B9 0B9 0FE 0B9 0BA 0ED 0EB 104 044 044 044 044 044 044 044 044 044
044 044 044 044 044 044 044 044 044 044 044 044 036 037 027 015 006 000 013 02A 044 044 044 044 044 044 044 044 044 007 008 035 000 072 087 076 086 073 079 073 087 093 075 082 083 02B 044 044 07B 096 08B 001 002 088 084 075 082 082 076 086 087 082 085 076 082 082 076 086 074 0AF 0B0 0B0 0BE 0B1 081 082 085 082 076 082 082 082 082 082 082 082 082 076 082 077 092 02B 039 044 0A3 044 044 044 044 044 044 07B 044 044 036 0F4 0EA 0EA 0EB 102 103 102 103 0EF 102 103 102 104 039 044 044 044 044 044 044 044 044 044
044 044 044 044 044 044 044 044 007 008 00A 044 044 044 036 027 028 028 02A 039 044 044 044 044 044 044 044 044 044 017 032 000 000 090 078 076 085 082 076 082 085 082 076 077 092 01A 044 044 0A3 044 027 028 015 090 078 076 082 085 076 082 075 084 084 075 084 084 075 084 07A 0A7 099 097 099 0B2 088 075 084 084 075 084 084 075 084 084 075 084 084 075 084 07A 002 07D 096 096 07B 044 007 00A 044 044 044 0A3 044 044 044 101 102 103 104 037 038 037 038 08C 037 038 037 039 044 044 044 044 044 044 044 044 044 044
044 044 044 044 044 044 044 007 035 000 033 00A 044 044 044 036 037 037 039 044 044 044 044 044 044 044 044 044 044 017 000 002 001 001 088 075 084 084 082 084 084 084 075 07A 001 07D 096 096 07B 044 036 037 01B 015 081 075 084 084 053 077 089 078 093 076 082 093 085 082 083 0BB 045 0A5 0C9 0CA 090 089 091 078 077 091 091 089 091 078 082 082 082 093 085 083 013 02A 044 044 044 044 027 02A 044 044 044 0A3 044 044 044 036 037 038 039 044 044 044 044 0A3 044 044 044 044 044 044 044 044 044 044 044 044 044 044
044 044 044 044 044 044 007 035 000 002 000 033 00A 044 044 044 044 044 044 044 044 044 044 044 044 044 044 044 044 017 000 000 000 032 081 082 082 082 082 082 093 082 082 083 032 01A 044 044 044 044 044 044 036 00B 090 089 091 078 082 083 0F7 090 091 089 091 078 082 077 092 0C8 0C9 0CA 032 032 000 004 072 087 083 0AF 0B0 0A8 0B1 090 078 077 078 082 077 092 02B 039 044 044 044 044 036 039 044 044 044 0A3 044 044 044 044 044 044 044 044 044 044 044 0A3 044 044 044 044 044 044 044 044 044 044 044 044 044 044
044 044 044 044 044 044 027 015 000 004 000 013 02A 044 044 044 044 044 044 044 044 044 044 044 044 044 044 044 044 027 028 029 015 000 090 078 093 077 091 091 091 078 082 083 032 033 008 00A 044 044 044 044 007 035 032 004 000 090 091 092 013 015 000 000 001 088 075 07A 001 040 001 001 002 001 001 003 088 084 07A 0A7 099 097 0BC 000 081 083 090 091 092 013 02A 044 044 044 044 044 044 044 044 044 044 0A3 044 044 044 044 044 044 044 044 044 044 044 07B 044 044 044 044 044 044 044 044 044 044 044 044 044 044
044 044 044 044 044 044 036 027 028 07E 028 02A 039 044 044 044 044 044 044 044 044 044 044 044 044 044 044 044 044 036 037 038 01B 028 015 090 091 092 000 000 032 090 091 092 013 015 032 01A 044 044 044 044 017 026 000 003 032 000 026 013 03A 01B 015 032 000 090 091 092 000 032 032 000 000 000 0CD 000 090 091 092 0C8 0C9 0C9 0CA 016 090 092 0CD 000 000 02B 039 044 044 044 044 044 044 044 044 044 044 07B 044 044 044 044 044 044 044 044 0E6 0E9 044 0A3 044 044 044 044 044 044 044 044 044 044 044 044 044 044
044 044 044 044 044 044 044 036 037 08C 037 039 044 044 044 044 044 044 044 044 044 044 044 044 044 044 044 044 044 044 044 044 036 037 01B 028 029 028 029 028 029 028 029 028 03A 01B 028 02A 044 044 044 044 027 015 000 000 000 013 028 03A 039 036 01B 029 015 000 0CD 000 032 000 000 000 000 013 028 029 028 015 000 000 032 016 000 032 032 013 029 028 029 02A 044 044 044 044 044 044 044 044 009 00A 044 0A3 044 044 044 0E6 0E7 0E9 044 044 101 104 044 0A3 044 044 044 044 044 044 044 044 044 044 044 044 044 044
044 044 044 044 044 044 044 044 044 07B 096 096 096 096 07B 096 096 096 096 07B 096 096 096 096 07B 096 096 096 096 07B 044 044 044 044 036 037 038 037 038 037 038 037 038 037 039 036 037 039 044 044 044 044 036 01B 028 029 028 03A 037 039 044 044 036 038 027 028 029 028 029 028 029 028 029 03A 037 038 037 00B 013 028 029 028 015 032 013 03A 038 037 038 039 044 044 044 044 044 044 044 007 035 01A 044 0A3 044 044 0E6 0F9 0EA 0F8 0E9 044 036 039 044 0A3 044 044 044 044 044 044 044 044 044 044 044 044 044 044
044 044 044 044 044 044 044 044 044 044 044 044 044 044 044 044 044 044 044 044 044 044 044 044 044 044 044 044 044 0A3 044 044 044 044 044 044 044 044 044 044 044 044 044 044 044 044 044 009 00A 044 044 044 044 036 037 038 037 039 044 044 044 044 044 044 036 037 038 037 038 037 038 037 038 039 044 044 044 027 03A 037 038 037 01B 029 03A 039 044 044 044 044 044 044 044 044 044 044 044 027 028 02A 044 0A3 044 044 0F4 0ED 0ED 0ED 0F8 0E9 044 044 044 0A3 044 044 044 044 044 044 044 044 044 044 044 044 044 044
044 044 044 044 044 044 044 044 044 044 044 044 044 044 044 044 044 044 044 044 044 044 044 044 044 007 00A 009 008 08D 008 00A 044 007 008 00A 044 044 044 044 044 044 044 044 009 00A 044 027 02A 044 044 044 044 044 044 044 044 044 044 044 044 044 044 044 044 044 044 044 044 044 044 044 044 044 044 044 044 036 039 044 044 044 036 038 039 044 044 044 044 044 044 044 044 044 044 044 044 036 037 039 044 0A3 044 044 0F4 0ED 106 0FA 0EB 104 044 044 044 07B 044 044 044 044 044 044 044 044 044 044 044 044 044 044
044 044 044 044 044 044 044 044 044 044 044 044 044 044 044 044 044 044 044 044 044 044 044 044 044 017 033 035 032 004 032 033 00A 025 013 02A 007 00A 044 044 044 044 044 007 035 01A 044 036 039 044 044 044 044 044 044 044 044 044 044 044 044 044 044 044 044 044 044 044 044 044 044 044 044 044 044 044 044 044 044 044 044 044 044 044 044 044 044 044 044 044 044 0E6 0E7 0E9 044 044 044 044 044 044 044 0A3 044 0E6 0F9 0ED 107 0ED 0F6 039 044 044 044 0A3 044 044 044 044 044 044 044 044 044 044 044 044 044 044
044 044 044 044 044 044 044 044 044 044 044 044 044 044 044 044 044 044 044 044 044 044 044 044 007 035 0CD 032 032 003 000 018 033 035 023 039 025 033 008 00A 044 044 044 027 028 02A 044 044 044 044 044 044 044 044 044 044 044 044 044 044 044 044 044 044 044 044 044 044 044 044 044 044 044 044 044 044 044 044 044 044 044 044 044 044 044 044 044 044 044 07B 096 0FB 071 0EE 096 096 096 07B 096 096 096 07B 044 101 0EC 0EA 107 0EB 104 044 044 044 044 0A3 044 044 044 044 044 044 044 044 044 044 044 044 044 044
044 044 044 044 044 044 044 007 00A 044 044 044 007 00A 044 044 044 044 044 044 044 044 044 007 035 000 051 052 032 004 032 006 072 074 033 00A 017 032 0CD 033 00A 044 044 036 037 039 044 044 044 044 007 008 008 008 008 008 00A 044 044 044 044 044 044 044 044 044 044 044 044 044 044 044 044 044 044 044 044 044 044 044 044 044 044 044 044 044 044 044 044 0A3 044 101 102 104 044 044 044 044 044 044 044 0A3 044 036 101 102 0EF 104 039 044 044 044 044 0A3 044 044 044 044 044 0E6 0E9 044 044 044 044 044 044 044
044 044 044 044 044 044 007 035 033 008 008 008 035 033 00A 044 044 044 044 044 044 007 00A 027 015 055 06C 05E 052 004 000 072 087 083 000 033 035 072 074 000 033 008 00A 044 044 044 007 008 008 008 035 016 016 032 000 000 033 008 00A 044 009 00A 044 044 044 044 007 008 008 00A 044 044 044 044 044 044 044 044 044 044 044 044 044 044 044 044 044 044 044 0A3 044 036 037 039 044 044 0E6 0E7 0E9 044 044 0A3 044 044 036 037 08C 039 044 044 044 0E6 0E7 0FC 0E9 0E6 0E7 0E9 0E6 0F9 0F6 044 044 044 044 044 044 044
044 044 044 044 044 007 035 026 051 052 026 051 052 026 033 00A 044 044 044 044 044 017 033 024 035 05A 056 05B 061 003 001 088 084 07A 001 004 072 087 083 006 018 032 033 00A 007 008 035 016 000 002 001 001 001 001 001 004 072 074 033 00A 027 02A 044 044 044 044 017 000 032 033 00A 044 044 044 044 044 044 044 044 044 044 044 044 044 044 044 044 044 044 0A3 044 044 044 044 0E6 0E7 0F9 0FA 0F8 0E7 0E9 0A3 044 044 044 044 07B 044 044 044 044 0F4 0FA 107 0F8 0F9 0ED 0F8 0F9 0EA 0F6 044 044 044 044 044 044 044
044 044 044 044 044 025 016 051 050 06D 048 06C 05E 052 016 023 044 044 044 007 008 035 032 032 055 04D 04E 04B 032 004 032 090 078 086 074 004 090 091 092 018 016 000 032 033 035 016 016 016 0AF 0A8 0B1 072 073 074 016 004 090 092 0CD 01A 036 039 044 007 008 008 035 026 032 000 01A 044 044 044 044 044 044 044 044 044 044 044 044 044 044 044 044 044 044 0A3 044 044 0E6 0E7 0F9 0ED 0FA 0ED 0EA 0EA 0F8 0FC 0E9 044 044 044 0A3 044 044 044 044 101 0EC 108 105 105 107 0ED 0ED 0ED 0F6 044 044 044 044 044 044 044
044 044 044 044 044 025 016 060 05C 056 058 056 05B 061 016 023 044 044 007 035 000 000 018 018 055 05B 05C 057 072 079 073 073 087 082 086 079 074 032 000 000 016 016 000 000 032 0AF 0B0 0B0 0BF 098 0BC 090 091 092 072 079 074 032 032 01A 044 007 008 035 048 048 048 048 049 018 01A 044 044 044 044 044 044 044 044 044 044 044 044 07B 096 096 096 096 096 07B 096 096 0FB 106 105 105 106 105 105 105 105 070 0F6 044 044 044 0A3 044 044 044 044 036 0F4 0A0 0A1 0A2 107 0ED 0FA 0EA 0F6 044 044 044 044 044 044 044
044 044 044 044 007 035 026 05A 056 056 04A 056 056 059 026 033 00A 044 027 015 032 000 002 001 068 067 058 069 088 075 084 084 075 084 084 075 07A 001 004 032 032 072 074 032 032 0BB 097 099 099 097 0B2 001 002 001 088 075 07A 001 002 033 008 035 026 05A 04D 06A 06B 04E 059 026 033 00A 044 044 044 044 044 044 044 044 044 044 044 0A3 044 044 044 044 044 044 044 044 101 0EC 0EA 0ED 0FA 0ED 0EB 102 103 102 104 044 044 044 0A3 044 044 044 044 0E6 0F9 0AC 0AD 0AE 107 0FA 0EB 103 104 044 044 044 044 044 044 044
044 044 044 044 027 015 051 06A 06B 04E 04A 04D 06A 06B 052 013 02A 044 036 00B 0CD 000 004 032 055 04D 04E 057 081 076 082 07F 082 082 07F 082 086 074 004 032 072 087 083 000 016 0BB 098 045 045 0A4 0CA 032 000 032 090 078 086 074 004 016 072 074 000 04C 05B 05C 05B 05C 056 059 049 033 008 008 008 00A 044 044 044 044 044 044 044 0A3 044 044 044 044 044 044 044 044 036 101 0EC 0EB 102 0EC 0F6 037 038 037 039 044 044 044 07B 044 044 044 044 0F4 0EA 0B8 0B9 0BA 107 0EA 0F6 038 039 044 044 044 044 044 044 044
044 044 044 044 036 00B 060 061 06E 06F 058 06E 061 06E 061 02B 039 044 044 027 015 000 004 026 051 050 05C 057 090 089 078 077 091 078 082 082 07F 086 079 074 090 091 092 032 0AF 0BF 098 045 0A4 0CA 0AF 0B0 0B1 051 052 090 078 086 079 074 081 086 074 064 065 04C 04D 06A 06B 04E 057 016 018 032 032 033 00A 044 044 044 044 044 044 0A3 044 044 044 044 044 044 044 044 044 036 101 104 037 101 104 044 044 044 044 044 044 044 0A3 044 044 044 0E6 0F9 0FA 106 105 105 108 0FA 0F6 044 044 044 044 044 044 044 044 044
044 044 044 044 044 027 028 015 016 064 005 066 016 013 029 03A 044 044 044 036 00B 032 004 000 060 06F 065 066 032 003 081 086 073 087 082 08E 08F 07F 075 07A 001 001 000 001 0A7 099 097 045 0BD 0B0 0BF 045 0BC 060 061 032 081 082 076 086 087 093 086 073 074 055 05B 05C 05B 05C 059 032 000 000 026 000 01A 044 044 044 044 044 044 0A3 044 044 044 044 044 044 044 044 044 044 036 039 044 036 039 044 044 044 044 044 044 044 0A3 044 044 0E6 0F9 0ED 0EA 107 0EA 0EA 0EB 103 104 044 044 044 044 044 044 044 044 044
044 044 044 044 044 036 037 027 028 015 004 013 029 03A 038 039 044 044 044 044 027 015 0F7 032 000 013 015 0CD 072 079 087 07F 082 082 07F 09A 09B 077 089 092 000 000 000 032 0C8 0A6 098 0A4 0C9 0C9 0A6 045 0BC 016 032 072 087 082 075 084 075 084 075 084 07A 068 067 058 067 058 067 069 000 001 001 002 07D 096 096 096 07B 096 096 07B 044 044 044 044 044 044 044 044 044 044 044 044 044 044 044 0E6 0E9 044 044 044 044 0E6 0FC 0E7 0E7 0F9 0A0 0A1 0A1 0F0 0A2 0ED 0F6 038 039 044 044 044 044 044 044 044 044 044
044 044 044 044 044 044 044 036 037 01B 07E 03A 038 039 044 044 044 044 044 044 036 00B 004 032 013 03A 00B 000 081 076 077 091 091 091 078 07F 077 092 004 032 0CD 000 000 0CD 032 0C8 0B3 0CA 016 016 0BB 045 0BC 032 000 090 078 093 076 082 085 082 082 077 092 05A 04D 06A 06B 04E 04B 000 000 000 0CD 000 01A 044 044 044 044 044 044 0A3 044 044 044 044 044 044 044 044 044 044 044 044 044 0E6 0E7 0F9 0F6 044 044 0E6 0E7 0F9 107 0A0 0A1 0A1 100 10A 0AD 0F5 0AE 0EB 104 044 044 044 044 044 044 044 044 044 044 044
044 044 044 044 044 044 044 044 044 036 08C 039 044 044 044 044 044 044 044 044 044 017 004 013 03A 039 027 015 081 075 07A 001 001 002 088 084 07A 001 042 001 041 001 001 001 041 001 003 001 001 001 0A7 097 0B2 001 004 001 088 084 075 082 077 091 091 092 05A 056 05B 05E 050 05C 057 026 000 018 018 013 02A 044 044 044 044 044 044 0A3 044 044 044 044 044 044 044 044 044 044 044 044 044 101 0EC 0EB 104 044 044 0F4 0ED 0ED 108 0FD 109 109 10B 109 109 10B 0AE 0F6 039 044 044 044 044 044 044 044 044 044 044 044
044 044 044 044 044 044 044 044 044 044 07B 044 044 044 044 044 044 044 044 044 044 017 003 02B 039 044 036 00B 090 089 092 051 052 032 090 091 092 000 004 016 016 013 028 015 032 000 032 032 032 032 0BB 045 0BD 0B1 004 032 081 082 076 077 092 000 026 05A 04D 06A 06B 050 05C 04B 066 013 028 028 028 03A 039 044 044 044 044 044 044 0A3 044 044 044 044 044 044 044 044 044 044 044 044 044 036 101 104 039 0E6 0E7 0F9 0ED 0EA 107 0AC 10A 0AD 0AD 10A 0AD 0F5 0AE 0F8 0E9 044 044 044 044 044 044 044 044 044 044 044
044 044 044 044 044 044 044 044 044 044 0A3 044 044 044 044 044 044 044 044 044 044 027 07E 02A 044 044 007 035 048 03F 05A 06C 06D 057 013 028 015 0AF 0A8 0B1 016 02B 037 027 028 029 028 029 015 032 0C8 0C9 0A6 0BD 0A8 0B1 090 078 075 083 032 0CD 05A 056 05B 05C 05B 05C 056 057 013 03A 037 037 037 039 044 044 044 044 044 044 044 0A3 044 044 044 044 044 044 044 044 044 044 044 044 044 044 036 039 044 0F4 0ED 0ED 0A0 0A1 0F0 100 0AD 0AD 10A 0AD 0AD 0F5 0FF 0A2 0F8 0E7 0E9 044 044 044 044 044 044 044 044 044
044 044 044 044 044 044 044 044 044 044 0A3 044 044 044 044 044 044 044 044 044 044 036 08C 039 044 007 035 051 04E 058 04D 06A 06B 052 02B 037 00B 0BB 097 0BD 0B1 01A 044 036 037 038 037 038 01B 015 000 016 0BB 045 098 0BD 0B1 090 089 092 032 05A 04D 04E 056 04B 04C 056 04B 013 03A 039 044 044 044 044 044 044 044 044 044 044 044 0A3 044 044 044 044 007 008 00A 044 044 044 044 044 044 0E6 0E7 0E7 0E7 0F9 0EA 0EA 0AC 10A 0F5 0AD 0AD 0AD 0AD 0AD 10A 0F5 0F2 0BA 0EA 0EA 0F6 044 044 044 044 044 044 044 044 044
044 044 044 044 044 044 044 044 044 044 07B 096 096 096 096 096 07B 096 096 096 096 096 07B 044 044 017 055 05B 05C 04A 05B 05E 050 061 033 00A 025 0BB 098 045 0BC 033 008 008 00A 044 044 044 036 01B 015 000 0BB 045 097 045 0BD 0B0 0A8 0B1 016 04C 05B 05E 04E 059 064 065 066 02B 039 044 044 044 044 044 044 044 044 044 044 044 044 07B 096 096 096 096 08B 0F7 07D 096 096 096 096 07B 096 0FB 105 105 106 105 105 106 0FD 109 10B 109 080 109 109 10B 109 10B 0AE 0EB 102 103 104 044 044 044 044 044 044 044 044 044
044 044 044 044 044 044 044 044 044 044 044 044 044 044 044 044 044 044 044 044 044 044 044 044 044 017 000 065 065 005 065 06E 06F 066 013 02A 025 0BB 098 0A4 0CA 032 032 000 023 044 044 044 044 036 01B 015 0BB 045 098 045 045 045 098 0BD 0B1 064 04C 05B 05C 04B 026 000 013 02A 044 044 044 044 044 044 044 044 044 044 044 044 044 044 044 044 044 044 027 028 02A 044 044 044 044 044 044 0F4 0EA 0EA 0FA 0EA 0EA 0EA 0AC 0AD 0F5 10A 0AD 10A 0AD 0F5 0AD 0F2 0BA 0F6 037 038 039 044 044 044 044 044 044 044 044 044
044 044 044 044 044 044 044 044 044 044 044 044 044 044 044 044 044 044 044 044 044 044 044 044 007 035 000 032 0CD 004 026 032 013 029 03A 039 025 0BB 097 0B2 001 001 002 032 033 00A 044 044 044 044 036 00B 0C8 0A6 098 045 045 045 098 045 0BC 032 000 04C 056 057 013 029 03A 039 044 044 044 044 044 044 044 044 044 044 044 044 044 044 044 044 044 044 036 037 039 044 044 044 044 044 044 101 102 103 0EC 0FA 0ED 0FA 0B8 0B9 0FE 0F3 0AD 0AD 10A 0F5 0F2 0BA 0ED 0F6 044 044 044 044 044 044 044 044 044 044 044 044
044 044 044 044 044 044 044 044 044 044 044 044 044 044 044 044 044 044 044 044 044 044 044 044 017 000 002 001 001 003 032 0CD 02B 038 039 044 017 0C8 0C9 0CA 016 000 000 032 013 02A 044 044 044 044 044 027 015 0BB 097 099 099 099 097 099 0B2 001 002 064 065 066 02B 038 039 044 044 044 044 044 044 044 044 044 044 044 044 044 044 044 044 044 044 044 044 044 044 044 044 044 044 044 044 036 037 038 101 102 103 0EC 0FA 0EA 107 0B8 0B9 0B9 0B9 0FE 0BA 0EB 103 104 044 044 044 044 044 044 044 044 044 044 044 044
044 044 044 044 044 044 044 044 044 044 044 044 044 044 044 044 044 044 044 044 044 044 044 044 027 015 000 000 013 028 029 028 02A 044 044 044 027 028 029 028 029 028 029 028 03A 039 044 044 044 044 044 036 00B 0C8 0C9 0C9 0C9 0C9 0C9 0C9 0CA 032 000 000 016 016 033 00A 044 044 044 044 044 044 044 044 044 044 044 044 044 044 044 044 044 044 044 044 044 044 044 044 044 044 044 044 044 044 044 044 036 037 038 101 102 0EC 108 105 105 105 105 0FA 0ED 0F6 038 039 044 044 044 044 044 044 044 044 044 044 044 044
044 044 044 044 044 044 044 044 044 044 044 044 044 044 044 044 044 044 044 044 044 044 044 044 036 01B 028 029 03A 037 038 037 039 044 044 044 036 037 038 037 038 037 038 037 039 044 044 044 044 044 044 044 01B 029 028 029 028 029 028 029 028 029 028 029 028 029 028 02A 044 044 044 044 044 044 044 044 044 044 044 044 044 044 044 044 044 044 044 044 044 044 044 044 044 044 044 044 044 044 044 044 044 044 044 036 037 0F4 0FA 0EA 0EA 0EA 0FA 0FA 0EB 104 044 044 044 044 044 044 044 044 044 044 044 044 044 044
044 044 044 044 044 044 044 044 044 044 044 044 044 044 044 044 044 044 044 044 044 044 044 044 044 036 037 038 039 044 044 044 044 044 044 044 044 044 044 044 044 044 044 044 044 044 044 044 044 044 044 044 036 038 037 038 037 038 037 038 037 038 037 038 037 038 037 039 044 044 044 044 044 044 044 044 044 044 044 044 044 044 044 044 044 044 044 044 044 044 044 044 044 044 044 044 044 044 044 044 044 044 044 044 044 0F4 0ED 0FA 0ED 0ED 0FA 0EB 104 039 044 044 044 044 044 044 044 044 044 044 044 044 044 044
044 044 044 044 044 044 044 044 044 044 044 044 044 044 044 044 044 044 044 044 044 044 044 044 044 044 044 044 044 044 044 044 044 044 044 044 044 044 044 044 044 044 044 044 044 044 044 044 044 044 044 044 044 044 044 044 044 044 044 044 044 044 044 044 044 044 044 044 044 044 044 044 044 044 044 044 044 044 044 044 044 044 044 044 044 044 044 044 044 044 044 044 044 044 044 044 044 044 044 044 044 044 044 044 044 101 102 103 0EC 0EB 103 104 039 044 044 044 044 044 044 044 044 044 044 044 044 044 044 044
044 044 044 044 044 044 044 044 044 044 044 044 044 044 044 044 044 044 044 044 044 044 044 044 044 044 044 044 044 044 044 044 044 044 044 044 044 044 044 044 044 044 044 044 044 044 044 044 044 044 044 044 044 044 044 044 044 044 044 044 044 044 044 044 044 044 044 044 044 044 044 044 044 044 044 044 044 044 044 044 044 044 044 044 044 044 044 044 044 044 044 044 044 044 044 044 044 044 044 044 044 044 044 044 044 036 037 038 101 104 038 039 044 044 044 044 044 044 044 044 044 044 044 044 044 044 044 044
044 044 044 044 044 044 044 044 044 044 044 044 044 044 044 044 044 044 044 044 044 044 044 044 044 044 044 044 044 044 044 044 044 044 044 044 044 044 044 044 044 044 044 044 044 044 044 044 044 044 044 044 044 044 044 044 044 044 044 044 044 044 044 044 044 044 044 044 044 044 044 044 044 044 044 044 044 044 044 044 044 044 044 044 044 044 044 044 044 044 044 044 044 044 044 044 044 044 044 044 044 044 044 044 044 044 044 044 036 039 044 044 044 044 044 044 044 044 044 044 044 044 044 044 044 044 044 044
044 044 044 044 044 044 044 044 044 044 044 044 044 044 044 044 044 044 044 044 044 044 044 044 044 044 044 044 044 044 044 044 044 044 044 044 044 044 044 044 044 044 044 044 044 044 044 044 044 044 044 044 044 044 044 044 044 044 044 044 044 044 044 044 044 044 044 044 044 044 044 044 044 044 044 044 044 044 044 044 044 044 044 044 044 044 044 044 044 044 044 044 044 044 044 044 044 044 044 044 044 044 044 044 044 044 044 044 044 044 044 044 044 044 044 044 044 044 044 044 044 044 044 044 044 044 044 044
044 044 044 044 044 044 044 044 044 044 044 044 044 044 044 044 044 044 044 044 044 044 044 044 044 044 044 044 044 044 044 044 044 044 044 044 044 044 044 044 044 044 044 044 044 044 044 044 044 044 044 044 044 044 044 044 044 044 044 044 044 044 044 044 044 044 044 044 044 044 044 044 044 044 044 044 044 044 044 044 044 044 044 044 044 044 044 044 044 044 044 044 044 044 044 044 044 044 044 044 044 044 044 044 044 044 044 044 044 044 044 044 044 044 044 044 044 044 044 044 044 044 044 044 044 044 044 044
044 044 044 044 044 044 044 044 044 044 044 044 044 044 044 044 044 044 044 044 044 044 044 044 044 044 044 044 044 044 044 044 044 044 044 044 044 044 044 044 044 044 044 044 044 044 044 044 044 044 044 044 044 044 044 044 044 044 044 044 044 044 044 044 044 044 044 044 044 044 044 044 044 044 044 044 044 044 044 044 044 044 044 044 044 044 044 044 044 044 044 044 044 044 044 044 044 044 044 044 044 044 044 044 044 044 044 044 044 044 044 044 044 044 044 044 044 044 044 044 044 044 044 044 044 044 044 044
044 044 044 044 044 044 044 044 044 044 044 044 044 044 044 044 044 044 044 044 044 044 044 044 044 044 044 044 044 044 044 044 044 044 044 044 044 044 044 044 044 044 044 044 044 044 044 044 044 044 044 044 044 044 044 044 044 044 044 044 044 044 044 044 044 044 044 044 044 044 044 044 044 044 044 044 044 044 044 044 044 044 044 044 044 044 044 044 044 044 044 044 044 044 044 044 044 044 044 044 044 044 044 044 044 044 044 044 044 044 044 044 044 044 044 044 044 044 044 044 044 044 044 044 044 044 044 044